00025331
00025332
00025333
00025334
00025335
00025337
00025340
00025341
00025342
00025343
00025344
00025345
00025346
00025347
00025348
00025349
00025350
00025351
00025352
00025353
00025354
00025355
00025356
00025357
00025358
00025360
00025361
00025383
00025386
00025411
00025414
00025415
00025416
00025417
00025418
00025419
00025420
00025421
00025424
00025433
00025447
00025448
00025450
00025451
00025452
00025453
00025455
00025456
00025464
00025467
00025468
00025469
00025472
00025473
00025474
00025475
00025485
00025486
00025487
00025489
00025490
00025491
00025492
00025493
00025494
00025495
00025497
00025498
00025503
00025504
00025506
00025507
00025509
00025510
00025511
00025512
00025513
00025514
00025515
00025516
00025517
00025518
00025519
00025521
00025525
00025526
00025527
00025528
00025529
00025542
00025547
00025551
00025555
00025556
00025560
00025561
00025572
00025577
00025578
00025581
00025582
00025583
00025584
00025585
00025586
00025587
00025588
00025589
00025616
00025624
00025630
00025631
00025632
00025633
00025646
00025648
00025649
00025650
00025651
00025654
00025655
00025656
00025697
00025698
00025699
00025700
00025701
00025702
00025703
00025704
00025705
00025706
00025708
00025709
00025710
00025711
00025712
00025713
00025731
00025733
00025734
00025735
00025736
00025737
00025738
00025739
00025740
00025742
00025744
00025745
00025746
00025747
00025755
00025756
00025757
00025758
00025759
00025760
00025761
00025809
00025810
00025811
00025812
00025813
00025814
00025815
00025816
00025923
00025924
00025925
00025926
00025927
00025928
00025929
00025932
00025933
00025934
00025935
00025936
00025937
00025939
00025940
00025948
00025949
00025950
00025951
00025952
00025953
00025954
00025956
00025961
00025965
00025972
00025973
00025976
00025985
00025986
00025987
00025988
00025989
00025990
00025991
00025992
00025993
00025994
00025995
00025996
00025997
00025998
00025999
00026000
00026001
00026002
00026003
00026004
00026005
00026006
00026007
00026008
00026009
00026010
00026011
00026012
00026013
00026014
00026015
00026016
00026017
00026018
00026019
00026020
00026021
00026022
00026023
00026024
00026025
00026027
00026028
00026029
00026030
00026031
00026032
00026033
00026034
00026035
00026036
00026037
00026038
00026039
00026040
00026041
00026042
00026043
00026044
00026045
00026046
00026047
00026048
00026049
00026050
00026051
00026052
00026053
00026054
00026055
00026056
00026057
00026058
00026059
00026060
00026061
00026062
00026063
00026064
00026065
00026066
00026067
00026068
00026069
00026070
00026071
00026072
00026073
00026074
00026075
00026076
00026077
00026078
00026079
00026080
00026081
00026083
00026084
00026085
00026086
00026087
00026088
00026089
00026090
00026091
00026092
00026093
00026094
00026095
00026096
00026097
00026099
00026100
00026101
00026102
00026103
00026104
00026105
00026107
00026108
00026109
00026110
00026111
00026112
00026113
00026114
00026115
00026116
00026117
00026118
00026119
00026120
00026121
00026122
00026124
00026125
00026126
00026127
00026128
00026133
00026134
00026137
00026138
00026139
00026140
00026141
00026142
00026143
00026144
00026145
00026146
00026147
00026148
00026149
00026150
00026151
00026152
00026154
00026155
00026156
00026157
00026158
00026159
00026160
00026161
00026162
00026163
00026164
00026165
00026166
00026167
00026168
00026174
00026175
00026176
00026177
00026180
00026185
00026186
00026187
00026190
00026191
00026192
00026193
00026194
00026195
00026196
00026197
00026198
00026199
